inprogress
11
10
1
100.0 101.95454545454545 
100.0 101.81818181818181 
100.0 95.18181818181819 
100.0 98.18181818181819 
100.0 109.63636363636364 
100.0 92.27272727272728 
100.0 110.9090909090909 
100.0 116.36363636363637 
100.0 108.5909090909091 
100.0 94.0909090909091 
100.0 102.63636363636364 
9 6 0 0 0 0 0 7 0 0 0 
0 2 0 3 0 0 0 5 6 6 0 
2 3 8 0 0 1 2 1 3 0 2 
0 0 3 6 0 1 3 6 3 0 0 
0 0 0 0 22 0 0 0 0 0 0 
0 0 3 0 2 6 7 0 3 0 1 
0 2 0 0 0 0 18 0 1 1 0 
2 0 0 1 3 1 0 12 0 2 1 
4 6 0 5 0 1 0 3 3 0 0 
4 0 1 0 4 0 1 0 6 4 2 
0 0 0 2 0 2 0 0 0 0 18 
1.0 0.0 0.0 0.0 0.0 0.0 0.0 0.0 0.0 0.0 0.0 
0.0 1.0 0.0 0.0 0.0 0.0 0.0 0.0 0.0 0.0 0.0 
0.0 0.0 1.0 0.0 0.0 0.0 0.0 0.0 0.0 0.0 0.0 
0.0 0.0 0.0 1.0 0.0 0.0 0.0 0.0 0.0 0.0 0.0 
0.0 0.0 0.0 0.0 1.0 0.0 0.0 0.0 0.0 0.0 0.0 
0.0 0.0 0.0 0.0 0.0 1.0 0.0 0.0 0.0 0.0 0.0 
0.0 0.0 0.0 0.0 0.0 0.0 1.0 0.0 0.0 0.0 0.0 
0.0 0.0 0.0 0.0 0.0 0.0 0.0 1.0 0.0 0.0 0.0 
0.0 0.0 0.0 0.0 0.0 0.0 0.0 0.0 1.0 0.0 0.0 
0.0 0.0 0.0 0.0 0.0 0.0 0.0 0.0 0.0 1.0 0.0 
0.0 0.0 0.0 0.0 0.0 0.0 0.0 0.0 0.0 0.0 1.0 
7.772727272727273 0.0 2.363636363636364 0.0 0.0 0.0 0.0 2.363636363636364 4.727272727272728 4.727272727272728 0.0 
7.090909090909091 1.7272727272727275 3.5454545454545454 0.0 0.0 0.0 2.363636363636364 0.0 7.090909090909091 0.0 0.0 
0.0 0.0 6.90909090909091 3.5454545454545454 0.0 3.5454545454545454 0.0 0.0 0.0 1.181818181818182 0.0 
0.0 3.5454545454545454 0.0 5.181818181818181 0.0 0.0 0.0 1.181818181818182 5.90909090909091 0.0 2.363636363636364 
0.0 0.0 0.0 0.0 19.0 2.363636363636364 0.0 3.5454545454545454 0.0 4.727272727272728 0.0 
0.0 0.0 1.181818181818182 1.181818181818182 0.0 5.181818181818181 0.0 1.181818181818182 1.181818181818182 0.0 2.363636363636364 
0.0 0.0 2.363636363636364 3.5454545454545454 0.0 8.272727272727273 15.545454545454547 0.0 0.0 1.181818181818182 0.0 
8.272727272727273 5.90909090909091 1.181818181818182 7.090909090909091 0.0 0.0 0.0 10.363636363636362 3.5454545454545454 0.0 0.0 
0.0 7.090909090909091 3.5454545454545454 3.5454545454545454 0.0 3.5454545454545454 1.181818181818182 0.0 2.5909090909090904 7.090909090909091 0.0 
0.0 7.090909090909091 0.0 0.0 0.0 0.0 1.181818181818182 2.363636363636364 0.0 3.454545454545455 0.0 
0.0 0.0 2.363636363636364 0.0 0.0 1.181818181818182 0.0 1.181818181818182 0.0 2.363636363636364 15.545454545454547 
